2479
2692
2904
3507
3546
2649
2019
3449
3124
1999
4853
313
1188
1436
2272
1253
1067
1278
1634
603
1457
1377
2570
1168
3177
2275
1989
2013
670
1726
2591
2732
3564
2705
1066
2748
2371
3081
3399
1282
2495
2004
2279
2321
3459
3054
2553
2082
2267
404
573
696
305
3505
2329
5517
860
2677
2860
3110
2418
2339
1787
3309
3510
532
185
2625
2724
504
4852
579
2791
3130
163
4042
3114
3330
3865
1401
1992
2193
3360
5681
1916
3466
3103
2253
3758
2830
1777
3850
3356
596
2767
3135
3192
3210
3264
3358
3090
2653
1257
2804
3187
3129
1734
2758
2785
3097
3278
5652
3047
965
5874
2858
1786
4058
2894
3722
5682
580
5815
5816
1259
627
3788
2593
3761
1341
5779
5791
5792
3371
2864
2751
3223
3401
1809
3127
5857
3906
5667
3394
5522
581
1263
3847
3136
133
3548
3561
659
1804
2452
1794
5507
986
4872
1984
2003
141
3494
3323
204
1781
1785
1346
1354
503
5795
1810
1813
2508
3001
3529
1194
2757
612
5484
2496
1307
2959
3219
1025
2047
754
1265
4308
1783
2081
3241
1170
2469
3645
5859
3570
5787
5789
177
5875
3053
1720
3690
4601
4155
315
1256
2580
3919
3765
4998
87
3766
5639
3721
5533
1803
2266
3821
3860
3754
745
1759
173
3785
1228
1831
5870
1824
5080
667
2352
2549
2733
3084
3143
3410
3596
160
2355
846
2033
877
2587
1571
5780
341
1102
2820
5862
2519
3122
5750
1185
1782
2185
1438
375
650
3888
1784
1820
4382
3553
3682
5489
349
3617
333
1423
1826
116
2060
2312
5800
693
5298
5786
2571
4238
850
5790
1110
3619
5746
3908
3835
903
3616
367
490
2807
1758
3571
5770
5774
5812
5826
5829
5840
586
4276
2461
2760
1261
1348
1426
176
2373
4153
3689
3864
1833
3774
5861
2756
480
3465
1484
3643
2271
2460
2531
3121
3376
3615
2417
2512
2764
3411
3618
968
3901
3226
2816
5900
3383
1532
2617
5665
5620
5669
618
2052
1381
2091
1854
1859
3665
3102
3685
3713
3923
758
1879
2195
4969
486
2605
2783
2017
2668
5844
168
1463
3883
3699
2079
3185
2286
3557
3884
2582
3646
1802
3921
3890
1638
3825
4211
3108
2847
3836
928
2025
2346
339
5581
1100
3633
1997
3936
2088
3537
801
3421
3695
2044
389
3648
1880
1776
5063
5479
5702
5406
2634
1328
5864
1808
2679
1223
3840
1799
820
966
3128
3889
1779
3734
1338
3664
5521
3668
1506
2101
5832
587
2837
5600
2014
1669
3669
356
1127
5571
444
3457
5776
1793
3566
955
2903
115
3059
1670
2754
3370
2916
4617
1778
3207
2432
2792
3688
3454
5552
324
3547
203
3092
5493
2030
3826
3113
553
3131
1045
576
3641
2635
4740
5768
5500
5871
1619
1332
2331
5575
5428
1981
3204
501
4873
5664
1272
2087
1434
369
2368
2299
5804
1042
3952
3536
1118
2719
4970
2462
2761
2494
602
4147
1973
3757
3262
5842
5527
2022
3398
3107
4028
2089
2280
628
426
2902
2490
3714
3900
5777
1245
5084
870
1912
1408
558
3160
3120
4659
5797
544
5668
1647
3093
5257
2332
312
2824
1601
3173
142
256
442
592
727
831
1048
1729
1773
1780
1788
1789
1790
1791
1792
1829
1895
1909
1961
2569
2576
2627
2718
2766
2793
2802
3340
3609
3666
3707
3720
3838
3857
3920
5482
5686
5687
5703
5845
5860
5867
5868
5908
3632
2031
1774
3455
2934
3179
4481
5819
3056
5553
184
5136
2287
5294
3477
3943
5567
2053
5469
5227
5863
1161
4218
3590
5395
1645
1898
5632
3716
3751
2602
5796
2622
3832
2808
741
5828
5666
1640
3680
2200
3191
3715
1699
3775
1029
2442
330
3299
3402
5149
3729
697
3256
3930
5742
3046
1365
766
1264
3887
3776
5788
3925
742
1375
3723
1196
1987
2782
3880
3916
2300
2360
2547
2784
3317
1815
3025
2058
5660
1374
2949
5846
1708
3862
3918
2707
1088
1180
1957
1910
1750
2189
2029
3315
311
3089
2285
3892
5398
5704
5296
2376
761
2913
608
2313
4973
1888
1429
2863
1324
3156
3634
2459
859
1814
5762
3702
3667
3679
1522
2773
2906
826
5912
1491
5548
794
3229
434
3607
1351
1138
568
2918
796
3372
3639
2122
1050
3119
3415
378
4131
3447
3567
2028
388
3737
2844
4296
3397
616
3955
1979
3718
2134
1242
3336
4579
2069
5771
3243
5794
2482
2265
2877
4625
5544
2520
1428
343
1239
987
1347
3994
137
3116
3914
3332
5584
1098
806
997
828
2541
505
5499
5809
491
406
2056
429
5083
2180
121
2551
3926
4413
646
1226
3253
509
1985
1986
3750
1454
2098
2257
3724
2523
2669
2456
3319
3145
5180
3101
1572
479
839
4344
1108
728
2438
2349
1089
1455
5619
1837
5785
2745
5656
5556
3998
2506
395
3843
2054
1835
4266
1642
1946
1166
3492
3244
3845
823
2320
4094
1402
883
4845
2249
3652
5397
1276
1237
5148
1211
1243
3095
3625
3626
3359
3099
1537
2901
1507
1727
3717
2133
2486
1540
5569
606
345
2323
1775
390
3380
5494
3972
3851
3282
5562
1501
833
4458
2749
5811
2061
3205
3644
4701
837
992
4979
1887
5727
1842
1203
2545
2074
3759
25
3230
2589
3260
1329
5865
1490
2829
5287
5644
4968
947
5554
5271
1313
5877
3598
2337
3268
2697
2499
5648
3940
1602
5019
3159
3526
2681
836
2525
1414
1881
2344
3392
574
3746
3355
5858
3874
2905
5224
4764
3305
729
5658
2689
1248
1739
5825
2256
5085
477
2620
3592
1406
2706
1420
556
5640
530
633
5465
344
2446
1310
3133
414
1169
1692
5075
3154
3002
3388
630
3060
3221
1743
5782
3275
5655
3228
5889
2555
155
1395
95
57
435
829
4834
59
1219
1731
1440
5371
3071
2118
5801
323
2213
1372
3325
1539
2207
3419
2907
2023
1446
4062
64
626
164
2372
282
4066
5916
1632
4420
3636
5576
5651
1566
2292
1488
3265
570
1471
2324
2623
1340
5433
5670
3403
4965
500
2386
392
4752
4415
1153
1178
3733
397
1311
370
1379
1840
1666
3954
892
3789
2675
1247
2643
1366
2843
5775
499
1697
3287
832
5588
1183
5784
5599
3704
5058
2441
669
3896
1097
4104
5490
1144
2789
1646
719
1356
5773
1461
5835
1886
1305
4747
3767
4354
5798
1289
3810
427
3069
3780
3922
2575
2261
5699
4371
1069
5121
4908
3190
1330
5643
5124
5589
4221
2444
5806
4150
3772
4757
1876
5885
815
4778
4699
3361
3719
422
5005
2367
2786
4035
1523
1249
3938
3736
416
2917
2881
2072
1742
5853
4151
5911
2731
4967
5478
5511
2548
2451
5372
2680
1993
49
3782
4250
1387
3700
2129
3203
3732
722
2742
2536
3837
5814
3186
1651
868
5288
5820
3928
3117
751
848
5013
3799
3631
2322
3878
5357
2827
1844
5354
3027
1719
1564
904
4142
2040
1302
3387
2502
798
2310
5906
5710
4895
4608
2315
158
5691
5927
2878
4177
5878
5807
5767
3017
702
3798
1125
498
4301
2891
3139
1114
1472
3905
5353
4810
3927
5432
793
2203
276
2942
2958
5764
3876
1258
5674
2606
3710
5502
2780
76
3610
3303
2035
1889
3311
3985
5895
5295
1186
2638
4456
2206
1046
1160
2911
405
5529
3855
1489
482
2356
5293
5232
775
4039
4452
3239
3369
5211
1766
561
4508
1345
3382
3924
589
4457
2010
3048
2325
5495
1924
1104
1890
5849
5248
3891
2941
2684
3727
5783
5530
5726
878
2024
1432
1040
1546
3074
3755
3770
1478
2610
4563
663
1370
3708
1841
3527
1706
3542
5549
2969
1637
4336
3958
162
2850
1864
956
2546
270
2584
441
3148
5007
4850
3673
694
4900
5030
5744
1193
1141
4626
2930
3638
772
474
3663
4314
5654
834
3895
134
1583
1998
3280
2862
2826
91
4824
4220
578
5793
3153
1363
3811
5778
129
2530
1470
2086
1151
2671
5803
5915
5781
2165
3373
4275
635
358
1914
902
4890
2092
3247
1807
3327
3658
4014
3763
1462
1913
4286
3301
1335
3123
3828
3933
953
3296
1698
738
2728
1851
716
4957
2797
5315
5714
1031
2729
3194
2208
1204
1392
2433
3406
2897
4545
3014
2262
2009
93
5633
4252
5759
3353
3032
5324
5766
5590
3984
811
684
5741
4270
2341
3149
5735
436
3313
3786
3195
23
5729
905
3539
1712
1190
5510
5487
3235
2963
1567
3115
355
1099
2392
2345
1164
4903
2812
5831
4269
3585
4823
3039
2755
5368
1175
3749
3178
3796
5824
188
851
4448
550
4141
5719
732
2612
594
3904
2384
1287
2250
805
792
540
1548
959
1451
45
5134
3324
2821
3430
2387
2909
5254
5534
3827
2929
5237
5851
268
5879
4272
5689
931
5621
4577
409
613
132
466
3773
1068
4446
1967
1891
2268
5138
2962
417
2600
4501
5856
4464
2212
895
974
884
3061
2885
5646
4170
4436
3209
3662
4036
228
2910
5156
534
5578
2046
3366
365
4655
3283
4381
5611
4955
2391
802
2898
3150
874
4985
2590
841
4494
5210
737
651
3521
1284
1317
102
1641
1405
412
3863
1159
2822
3396
1486
4564
2690
1142
5379
2682
408
161
4673
4891
4424
4132
411
1281
5695
882
3354
2431
4587
1940
67
922
2006
2397
2813
3182
3197
2800
4612
5723
559
634
3637
2364
191
1991
3744
914
5896
2214
5685
2016
3946
5909
5926
3793
5402
5011
3225
4742
1260
3220
246
117
2700
4079
2252
1195
2698
5378
662
5213
3201
1476
5805
3111
5591
2900
4802
1373
2083
2768
645
3791
510
1563
5653
1751
617
1076
894
4417
1473
3726
5676
2632
3294
5898
3706
1545
1410
591
1044
437
752
2379
4496
5367
5905
3328
2453
1091
2744
2806
4572
5513
2870
5827
2383
2628
5381
4640
4892
4672
5821
4634
1850
4660
1644
5309
154
5731
4284
4586
3912
1443
5304
2057
1504
5012
24
4782
5739
2522
2597
5568
140
1283
5101
948
3020
1058
655
4691
4388
4328
3331
5869
4818
1964
63
2743
3522
4135
3885
2670
1683
3144
1309
4915
3098
3279
1093
1285
2801
862
1303
271
5076
3948
4290
5480
1357
3945
967
4819
1749
2327
1654
2416
1738
2537
1653
2560
889
1191
4803
1676
152
98
1418
5817
1487
3894
3072
2542
272
1177
4027
2402
2521
5564
5392
4677
919
951
1123
1732
2552
3511
1963
845
1312
800
1376
1682
3517
849
4943
5071
1369
1266
1070
3285
3076
1477
300
4840
1798
4958
2121
4959
1152
2509
3781
3640
2238
1222
381
334
2048
4790
1279
1288
768
3820
2799
5394
1236
1421
3050
4300
4877
3956
351
5688
5439
3678
3298
567
3161
3433
979
1936
4018
3479
644
5684
3350
1509
2578
2805
2641
1500
4044
1083
5659
773
1769
5808
4821
4714
3771
4462
342
1201
1892
3432
691
3629
2406
4423
5518
5538
2919
1980
145
2988
4734
5532
3879
1002
876
3106
2652
5158
4904
3671
5672
756
2778
4139
5755
830
1982
1271
2080
4002
1664
2239
5635
930
915
4805
4588
5924
4504
4149
5680
3508
5582
899
4759
777
4006
5833
4639
432
4009
3440
4030
3569
2846
1344
2814
4627
4848
439
5154
5566
625
1182
958
875
3605
5256
3448
2382
590
3651
1862
2630
5520
131
5855
2390
2770
1225
1557
5555
2809
5485
1323
4977
767
4726
4356
213
3558
3104
750
3238
5474
2704
4870
5550
2067
2948
3348
2463
2762
4471
2922
3300
2202
4310
804
1551
3463
1054
5390
1593
5574
462
5243
3568
85
5709
844
1337
4610
2276
5200
5492
2026
2607
253
1130
2170
5894
2633
425
2326
908
660
1952
2124
4450
1520
3915
1591
731
419
348
5563
4858
3063
5535
2995
3418
1765
900
1935
3681
4367
5074
2726
2932
3881
3308
1202
531
153
3284
258
5601
77
423
4264
5373
5214
4662
90
1063
4024
4322
5866
666
3474
4624
5528
1552
2887
3183
118
5757
506
3040
764
2147
1116
4148
126
810
3867
3642
3215
2650
2717
3281
624
4453
2921
1442
1398
5091
1818
4180
4346
1927
321
3834
4445
1007
2985
4901
2880
5503
1681
393
4621
1112
3587
2127
473
1728
5890
3030
2933
4109
1693
4566
5745
5585
4922
1165
4001
4843
3343
3416
3213
4546
4550
5516
3482
639
3913
4122
2007
5570
3208
2851
2861
1575
4482
3242
497
2021
4750
817
3352
797
106
4839
190
896
1320
3077
2258
2815
1479
71
982
4282
5697
1885
1157
4825
946
3738
3164
1430
1171
1139
2709
3983
2076
3125
5586
1107
3655
879
3833
3824
5238
5923
1378
2654
4503
4251
2981
4992
379
3635
3155
2377
1096
5634
4053
963
2645
5269
2626
3802
2753
2001
5531
907
3409
3787
4966
3306
2294
936
5725
4881
4232
5542
1400
2164
2644
1764
5839
2912
2514
1821
3263
275
1953
607
4240
4910
3480
4263
2302
1497
4279
5734
1611
4635
781
933
3778
1386
637
2291
5642
4753
2914
2177
5062
5836
983
5810
5023
1250
3525
3657
5712
2235
5618
5663
3033
449
4800
640
5543
82
1848
3728
2746
4134
464
3886
2540
1051
985
2944
113
2611
5365
760
5740
1978
536
880
3929
4628
5662
4041
4710
4026
1648
2437
1761
3995
5716
1122
2062
1805
383
3379
4971
302
3231
3512
1339
3550
563
3623
1290
2794
4720
3469
1158
4244
3854
1597
1760
3650
5313
1216
539
1856
5122
3674
2790
3045
2125
159
2855
4119
3701
1635
2594
5261
1481
3395
654
4591
749
3257
4378
4748
3357
3212
60
5281
1627
5743
507
5026
1603
5450
4031
5441
5151
3078
2293
2568
3947
765
1801
3227
1612
4576
1146
1167
4040
1047
3467
3049
1621
4201
3237
283
4339
3898
2412
5751
1828
187
3822
3859
5649
1026
901
96
1383
5003
1397
869
1771
3146
5524
3544
3222
2116
1148
1384
4008
5000
2131
2477
5897
5056
2543
2186
3391
5730
698
569
2059
4756
4239
5299
5453
2845
4259
4644
2661
165
3333
4003
1467
1155
5610
912
1224
5546
1205
5139
1994
2599
212
1689
2027
3456
4683
2577
5301
5612
3141
5027
2314
5280
4809
4539
5146
2401
2106
4497
2676
2414
2093
277
2428
285
3024
648
2931
3543
2443
2385
1210
2840
12
2730
1037
3614
2328
5881
2642
5645
3276
3094
5172
4046
672
2875
5636
3105
418
421
2043
1956
4820
5592
4411
471
2465
5363
169
1939
4277
5505
5587
261
4831
2307
671
1767
3484
1874
167
4865
1615
4455
4113
92
5515
5876
2579
3649
1425
5300
3080
1579
2529
1131
4017
5488
790
5883
175
5059
4037
5577
1959
4116
5638
1510
2853
357
306
3844
2796
4391
5244
2011
1143
3960
327
3777
5021
3000
120
5565
136
3654
3070
278
1643
4950
240
5497
1150
5491
410
5519
6
2691
4156
803
795
4515
4534
361
5761
917
2854
5448
3420
1770
174
519
3861
3452
5907
4537
1662
2361
814
387
5506
5880
1034
210
2848
678
674
3514
3015
3057
307
1865
1846
1147
5799
394
363
180
112
856
5661
2500
4758
105
4949
5609
237
3390
4650
325
166
2994
1503
2159
3941
996
5756
740
5481
4392
4257
763
2674
2378
2957
3321
4401
1422
1412
733
3725
692
2601
1084
533
1229
3783
5236
3444
2078
4369
1685
4889
3739
5769
4393
2237
1043
5064
2637
3848
3801
3034
3314
5270
2534
5813
3140
5615
898
1358
5235
1233
1115
1103
1231
2550
5573
4292
827
2487
2621
3441
819
4530
4137
1407
614
156
891
5558
1555
4194
1140
109
1772
1746
4199
5677
3385
4837
2363
1671
545
2715
3137
1954
4590
2306
571
5657
3438
2226
2174
5167
1214
5848
636
2727
4636
910
2424
4106
1853
1505
5456
5317
5772
2984
216
926
950
3126
1843
4898
2492
4374
522
1687
4737
292
4173
4531
2923
2924
4695
824
445
4377
2278
1213
3211
3476
3290
3500
4575
4772
1688
447
2489
2347
3175
5077
4491
2884
3944
5679
3509
1800
3041
2215
2090
4702
3528
280
4593
4013
2585
5284
1677
5753
2301
1342
1200
4596
4451
3158
1032
4547
2725
1483
4833
3293
4874
2581
2109
3698
1823
2232
5547
2624
4117
3740
2533
1475
346
4524
3830
88
3540
5749
4069
4917
1010
5147
4762
1511
1105
5282
5408
5733
2596
704
2841
400
4285
3694
2126
1521
3462
2335
3973
4511
4353
1315
779
911
488
3404
2886
290
2374
496
2143
588
4176
1710
5326
575
5841
5461
3271
467
2772
1300
1652
601
2586
485
4305
964
128
2
5724
4439
4909
4775
3252
560
873
812
3407
335
4788
450
2317
2834
1409
5311
3987
5245
4556
1768
5001
1930
2528
4343
386
538
2051
4350
3839
927
3424
4178
1549
2631
5921
5446
5457
2224
2603
1550
885
4432
1057
1382
3232
5042
2738
4538
1343
420
4011
4668
3429
1417
990
1255
4165
5316
2369
3365
298
3784
888
4172
4447
2034
9
5721
609
5361
3988
2157
4607
4751
3856
1847
5872
1439
1480
4623
4856
2795
2050
2474
5917
3970
2132
3052
2225
4126
2421
1626
4746
890
4705
4299
1082
5823
2191
3163
2667
2350
2825
3622
3485
3917
2408
1444
524
3869
1435
4175
4816
5289
2736
1819
3627
941
5144
5321
835
4807
428
2532
3167
2142
3853
4145
1839
1094
1286
4316
20
4902
1060
2342
4632
843
3475
1189
1355
455
4394
4907
5913
2454
4271
4274
4158
3964
4107
1665
4679
1513
3593
4525
3579
3630
5322
2183
2308
5312
2777
1022
5297
3172
638
4043
1663
2735
5752
1951
2359
3431
4021
687
5496
4427
2699
1101
709
1581
5523
5303
2311
4169
4654
1604
3138
4459
5760
1198
2295
2574
1517
984
2920
4990
1078
4548
3250
2398
465
1065
1137
2151
5737
916
5347
2130
5887
1660
5103
1553
2042
3118
5509
4916
4203
1596
2839
3086
4697
4385
293
4796
1825
3697
999
2896
3519
5157
1594
4323
336
3790
2721
4302
1192
5843
932
1135
217
2354
2000
3142
3258
631
2507
2859
3272
3273
1227
1917
2304
1163
2655
219
2484
2987
5424
2066
1215
1855
1725
4963
4434
5683
2895
3134
3792
551
5212
2956
5285
4105
2172
1547
1181
3029
4181
604
3344
4578
3911
3277
1450
1911
3058
5272
5438
1906
842
1723
3909
1252
2077
886
2427
2184
1028
3442
5032
785
1293
4265
472
5426
2588
2135
34
3132
5501
1849
5033
2708
5070
783
3975
5155
3858
1623
2095
2289
676
5629
3563
1133
2819
4047
4630
4249
1411
564
1220
1240
448
135
1722
3405
5728
3531
4939
1172
2604
3174
736
32
2420
3534
1827
3468
2712
1558
5004
4162
4019
4335
2190
853
2946
446
944
4616
2411
2435
615
1868
1897
541
4254
4671
5630
2915
4656
4964
1304
735
2526
5057
5171
3297
4485
1918
4806
652
4658
2113
4213
2296
943
151
182
5092
2879
4698
2389
3951
2096
4472
2473
27
4552
4136
431
5596
4208
1437
4128
5675
5696
2734
2104
3291
4773
2510
4283
3246
4647
267
2752
3478
5127
5370
516
2440
5255
4918
4768
5559
3240
1080
3451
5239
1736
2194
4770
2380
3551
21
3809
2991
3100
4237
780
1390
4224
207
1871
1857
5447
2883
4883
127
5838
4443
2595
4080
4859
5623
2832
3064
1530
1535
4829
103
4814
5526
1616
1614
2556
1541
1492
83
3068
1559
5310
1449
1132
3486
308
231
5536
2204
5822
2466
2763
2366
2156
3083
5852
4380
5551
4880
5208
1230
2233
5627
4620
3028
2665
2351
5115
1306
961
4154
5385
5498
4306
512
1496
1232
1294
2609
847
2305
3224
3562
5701
3310
2672
2400
1592
2197
5169
337
5918
3653
4565
5081
3804
3055
1502
3481
407
1730
205
4164
1433
2370
1077
3950
2119
4835
1120
2868
384
3151
1427
4765
5038
4942
218
2583
5120
3524
3518
4143
1515
3999
4945
3200
4528
413
5108
4826
3670
3684
4595
970
374
1858
5360
1495
3996
2989
4498
4754
4793
4995
1512
2517
4896
1111
4298
3316
2803
149
5464
297
5358
4622
1460
791
5886
546
2110
5066
2284
3488
600
1403
771
3687
5486
2629
4930
2036
5732
2993
629
4815
146
3446
5593
3805
1179
4760
3711
4000
5608
2842
1795
3428
2248
2769
3583
4867
3515
5054
757
1958
3302
4311
1041
3949
1269
680
4210
2049
3961
4549
988
4785
4258
3460
1156
3683
3741
468
4352
310
3087
4152
220
1314
68
1399
5561
5483
2196
360
2381
838
4981
287
2173
2108
495
2975
700
3389
5342
350
1944
4724
2857
4738
4851
296
5065
599
199
597
1244
5560
2488
478
2750
2899
3436
3349
1482
4138
5093
3018
4899
960
3502
3503
2415
5351
4744
260
1595
4678
1942
4580
1134
1650
4466
822
4347
262
2476
4064
4584
2353
3580
515
535
5891
2723
301
1453
5401
3374
2105
3423
2771
954
3990
4056
3180
5198
1514
2558
4771
172
3289
4982
4015
1536
3021
1267
3520
1668
3473
1695
2399
3320
2168
3877
3198
4407
1212
1038
4260
1209
5850
2869
5754
273
4512
5333
1371
5539
4664
4360
5673
945
5830
5002
3218
5037
4281
0
1360
2608
4376
523
4093
5161
3903
5130
4615
1075
1605
718
4435
4267
2651
2852
4289
2657
3603
4054
5415
438
2422
4836
2269
1494
4799
2678
1516
789
2538
547
5218
5902
4614
4426
2554
2683
4653
1756
3214
871
2136
2221
4430
4562
1921
4893
3414
2810
2740
2943
1878
1333
4817
1649
3286
3417
1297
2687
4682
1316
4338
1273
5628
2468
3342
3581
5229
1852
4991
5195
451
5226
4127
4115
3841
1748
769
4364
3495
1072
4319
2205
2893
4906
1061
5678
4542
2316
3082
4986
79
1949
5715
4463
1404
5131
4052
4416
2701
711
2255
647
2393
3735
664
3753
3339
4711
1920
2874
84
3181
3363
5606
1391
3532
2236
2303
4669
4597
3427
329
4034
433
1350
1700
2818
2971
2703
483
2686
5384
5399
3624
1331
5765
2161
4609
3672
3147
3513
975
2270
2199
1251
4216
528
1424
4984
4569
3413
5140
4092
2068
1090
2513
4928
2781
3338
2562
1933
668
5025
5369
3206
3535
5451
2505
72
2535
5693
2241
3490
3292
1752
706
969
3692
3712
3233
4755
4050
582
872
4846
4309
2937
4646
39
1018
5467
1499
5187
2658
661
22
4936
1217
2187
4804
5197
1590
1298
2720
1905
42
347
5512
1380
3051
5899
3384
2362
3096
2319
3152
511
4544
2950
144
5055
5174
2713
681
4167
2388
5717
3434
5049
294
1270
170
3907
1863
5246
1128
2138
211
1456
1762
1361
5135
1336
5476
4295
353
867
1657
3660
3764
1035
4604
2871
2872
4929
5028
4987
2117
3322
713
4924
4510
3752
1280
677
5051
2716
4559
725
5044
1577
2889
3595
1822
5383
5452
4293
4781
304
4291
929
921
1753
4712
1608
4661
5694
326
2073
2055
2935
5718
5444
4557
2423
4192
909
3489
3795
4703
5443
5020
4230
4045
3533
4847
3248
2114
4478
340
1589
520
123
1715
2413
923
5176
5024
978
1136
2636
2774
4940
1686
2947
5903
4351
2234
15
148
492
3043
3560
4090
784
1620
4205
424
2892
4118
1464
5605
4262
1714
244
1073
4956
2192
5340
5637
4315
4813
2592
3491
3165
1866
2065
1705
186
788
4571
508
3337
5219
5437
1574
5614
2263
710
1931
4713
4123
4384
1322
4460
2288
808
998
4989
3742
5454
249
5006
1113
1806
3435
2714
1962
4600
4209
3437
2926
3189
3346
1049
3065
2695
3345
1633
2618
2673
2478
1737
4114
2516
5048
376
4397
4502
595
453
3166
4861
3234
1326
4317
5541
3377
730
5234
4129
1941
2277
712
4954
481
4996
5017
1929
673
5260
114
4412
1903
1362
3347
4357
1672
2426
3818
364
3846
5622
4766
2343
4706
4029
279
1797
5209
3613
5
3803
5706
3870
1675
4033
643
5802
5409
989
3545
5129
4808
2598
1565
368
5078
2737
3042
4233
331
3504
857
4830
5104
1431
430
4091
2075
5540
1003
816
4727
656
5035
5230
5690
2890
881
3989
4573
4400
5537
1413
1262
1318
1184
3969
2823
4674
1393
4862
5607
3991
1560
1735
2171
3351
147
527
4375
861
3196
5107
1174
2064
2410
1493
4441
4777
2527
4776
3977
4157
2020
2123
1109
2741
5914
1064
2685
5045
5508
62
1610
3112
682
4312
2639
1526
4997
3910
2112
5029
476
1154
2759
4361
5377
3037
3849
111
3676
5602
2254
1009
4708
2613
1531
1325
4414
1036
3425
5847
4287
4951
1459
2739
5334
537
4869
4429
2365
4190
1598
2779
2247
2084
5928
747
100
214
4083
5119
4692
5259
3364
4023
4404
3307
3747
3461
4470
1834
762
2960
4422
5116
5132
5583
1126
66
1667
5449
3937
2434
5264
1995
4253
1419
150
3600
4144
3902
4947
688
2357
403
4161
1508
2939
5910
3422
893
5095
1717
373
4110
5137
3026
1763
2210
5166
443
755
3483
2480
3036
3329
675
942
2775
1543
1690
4728
5473
281
5626
318
1703
4885
5470
1246
3974
4355
4931
4923
4358
3255
3899
456
3997
4012
5217
5355
4745
209
1299
5184
1869
4666
382
4223
2394
1014
4667
65
3312
1861
2447
2141
3091
5893
2908
683
195
1117
4410
4519
2176
4231
94
36
89
5247
5423
5411
721
3381
3184
3088
1948
3577
2928
786
949
962
3176
593
4507
657
4681
4797
5616
2107
5010
254
2501
3599
1704
5047
396
1296
4592
4337
720
1001
31
4827
2273
3591
4204
3393
3193
2539
4952
976
4476
1845
1145
484
4130
4520
3897
5440
4700
4318
1008
748
1636
4536
4418
4866
565
4159
3304
30
1883
125
1617
1873
1308
3516
4618
5153
362
2100
3386
2702
2405
4198
5046
5292
457
611
4366
4089
5579
4325
4561
269
5904
3931
2977
2765
5892
4321
2404
1441
5748
4763
4409
2798
4946
4449
4518
658
7
937
487
5031
2493
543
2979
4516
642
605
2559
3779
1033
2145
2449
4994
4684
2038
1234
724
1039
1519
5711
3709
1106
778
5266
1907
4202
1607
4978
2163
4582
3978
584
399
4387
5387
679
686
5079
1934
5504
3993
1199
4140
5713
3251
5241
5837
380
2334
4334
3882
4303
5039
623
4934
5366
1292
4506
5427
5191
726
3611
939
2776
4475
5221
5929
5572
3574
5265
4227
183
3274
291
4273
5052
1724
189
4879
4379
4386
4163
3249
5722
5705
4521
2115
5343
5117
598
1394
108
2111
4362
3589
1817
196
2445
5097
1527
2403
4174
4200
4791
4133
4783
3942
5376
3075
1576
198
5308
529
2524
799
3986
5350
5671
5413
3496
3162
5207
5882
1352
1053
5331
338
4261
2045
5145
5458
3675
2619
3575
3217
1745
5466
236
2218
4769
542
4473
1709
3677
3693
5128
5352
222
5165
5625
2063
5175
1947
2688
3216
2099
957
2867
1943
4555
4320
2831
4605
5389
359
4779
770
1740
1755
734
5320
225
1716
4479
3816
5708
5152
3326
1353
4166
4124
4032
2429
3318
4962
552
1741
2002
1718
940
1701
2229
610
157
1415
690
3768
3730
4288
3259
3806
3756
1176
2154
2395
5430
5060
3506
1218
1538
2457
3565
255
10
3979
1629
4222
707
4342
252
4256
4373
3472
2094
4687
257
1334
703
3554
5434
2491
1923
2175
3769
1445
5305
2936
440
1529
4553
2544
1622
4125
4849
4606
622
4619
4225
4280
2274
2711
2567
2471
1301
2964
1945
4688
3245
3261
2557
4707
5647
1528
2128
4721
5594
1618
2464
5206
5275
3541
452
3743
4558
2298
1149
5330
1679
4405
5262
29
1389
865
1274
5429
4913
2425
840
4065
4461
858
3066
11
5738
4020
194
5425
973
3659
3408
1875
4594
200
5253
4307
3939
5173
5698
2945
1872
3073
1990
4767
4278
1838
4983
4517
5050
3586
4329
3621
1254
5291
2976
5168
863
2787
4523
5922
2951
3523
5854
3375
4794
110
1628
5215
4396
4212
3031
2648
4063
377
5112
5818
1458
69
4645
3085
4522
1613
4304
1275
4733
4255
3760
4268
3971
5834
3062
5472
620
4716
1235
1899
5102
2358
4480
3762
4999
3705
1702
5613
4801
2925
4642
5190
2566
288
3976
2475
4570
1680
5707
402
230
1902
1187
739
1367
4822
2041
2222
5459
4696
366
5094
2938
3450
3171
2664
4236
3470
5375
5223
4657
215
4509
2150
1021
5073
2039
1816
1129
2983
4219
3079
2940
1197
4888
977
4483
4007
2640
2996
619
2836
3620
4789
2223
1757
2198
3935
3439
2375
251
5758
4842
3748
371
2999
3807
1013
4477
3696
1327
3628
4395
5177
3368
1525
5412
232
3335
1015
1465
1568
2646
1573
5183
4241
1988
2439
1206
585
4513
924
5268
2656
5142
1932
854
5089
4541
2246
2144
1811
5598
1796
4864
458
3013
241
2565
4419
4613
5196
521
5736
70
3812
4196
4197
4229
139
3797
4780
4812
354
2102
4098
1448
572
5339
3656
5053
5185
1056
1588
1733
4743
5114
322
138
4868
3953
1518
5336
3980
1385
5436
4182
2245
4599
2659
2561
4878
5306
3829
2481
320
4685
3498
3831
1624
2340
2450
4087
4088
5617
4795
1474
4059
1971
5382
5192
4551
5884
5240
2209
3269
2153
5471
1975
4120
5435
122
75
5231
80
3009
972
1291
3932
1754
2660
2696
1586
2188
4676
1867
391
3443
705
4408
5700
1606
5086
3202
4499
3157
2220
1221
1277
4403
4736
3968
3236
4941
2097
555
2955
641
5920
4912
5189
1319
938
3572
4234
3
5242
289
566
925
5194
2297
3010
918
4406
632
3588
5747
1534
5067
4598
4560
5225
2103
5356
4235
4171
2982
2155
5580
2409
5374
995
4330
2407
557
1965
5873
5925
3549
242
1388
13
3412
4493
4061
1019
4022
5405
1466
4961
3552
4988
4887
649
5364
4911
3794
4242
1904
1469
3852
2264
489
40
4585
2436
2070
4313
4099
818
3471
4651
5143
3288
248
3367
2160
274
3814
1052
5181
4884
1452
4690
1498
5072
994
2615
4689
1578
3582
4500
5009
4495
5276
3008
2882
224
3254
5327
4527
971
1674
3981
4390
1162
5179
2888
2336
3538
3868
5204
4927
4359
4070
1349
5407
1655
715
4648
3035
3067
4487
5202
5557
1860
3982
759
825
3458
5597
3573
5170
2485
1006
2498
1659
1908
259
2240
3400
179
3170
4554
4535
4341
701
3578
3426
4953
4792
1721
4440
5337
1321
5250
28
2227
821
1364
4637
744
4490
3109
4741
16
4960
3963
5545
181
4871
3199
5283
4072
2497
1585
5380
4438
4332
2992
35
2458
2201
993
4348
5386
5344
3691
3270
4331
3530
4183
746
4370
4948
4875
1661
4402
48
284
4844
1074
4425
4787
2710
3445
920
3559
1081
2483
4919
1915
653
549
2866
4340
3647
5278
2211
3038
5263
2563
415
4975
5018
3044
4121
4398
226
4078
4925
5220
1024
5631
753
4643
3962
2348
1030
171
206
2148
2430
4855
4097
2137
2467
17
5203
463
864
1812
5341
1173
4096
2572
5126
4206
4739
2965
1684
1830
3893
303
2181
4761
1086
4179
1587
1625
4112
2282
5222
4631
5720
5099
2242
4680
1894
665
1713
5624
980
4488
952
4798
1580
1071
4195
454
4581
1925
2986
3576
2018
319
316
2231
774
4243
202
3004
4933
5159
1095
1556
18
4905
1678
1079
1359
1882
4004
5118
3168
621
3604
5418
4857
4437
5068
1020
2472
5249
266
2309
3362
5022
2318
1836
1295
4081
1877
4675
4193
2518
3295
4540
5477
1241
1023
2396
5123
787
699
221
4841
1468
2139
4567
1544
4860
1900
4725
5919
5603
5160
5125
470
4526
26
1955
2647
1707
2828
2230
1000
8
5163
5014
743
1524
1119
1832
3007
4638
5332
4102
5468
2978
73
3823
4897
3334
1711
4294
352
3934
4505
5216
5442
101
5388
61
4228
714
4749
81
317
2152
2166
3871
2968
5233
461
3497
5286
3594
3169
4324
5193
5133
5420
124
4722
897
2149
4215
518
5431
2515
1208
4372
494
264
299
2146
1609
4005
5186
1926
3453
1124
5393
5641
1238
813
332
4327
1092
5096
4932
981
3341
229
4226
1
86
4349
4731
2085
2663
2281
1977
4421
1416
385
1542
689
4723
1087
2876
1938
1972
5188
1937
3608
5419
235
475
3016
2835
5141
4854
5362
5403
1584
4428
4363
4980
2873
4399
562
5514
5279
5069
554
5105
3005
1870
548
4976
1928
5604
4828
5338
517
4894
1896
3967
4187
2694
4686
193
4972
243
192
1062
2927
4529
4468
4920
4574
2838
4326
3661
54
4974
4863
263
4543
3872
526
3464
4368
5318
4603
2290
4784
2283
1658
2032
5335
887
2788
372
2980
852
1996
5199
2455
4207
5109
4838
3686
3703
3875
2849
5100
5391
74
1396
2511
4663
935
4589
2966
4704
3601
1744
4484
295
5348
5043
3866
4568
3602
2005
809
5410
2747
3188
5162
5445
4732
5252
5178
2470
4937
5182
2071
3556
5328
5111
238
4719
3267
1055
5692
3501
1485
5349
1694
2015
3873
201
2953
4715
5277
4074
5314
5290
2856
1884
1983
2182
3493
1533
5251
1968
1561
3555
2666
4214
5404
1027
5650
4454
5036
2251
3023
3011
3003
4633
2990
401
460
4641
1554
1639
4067
1207
2616
286
4010
1569
398
4111
4085
5888
5201
3266
4247
4602
1970
3022
4709
2338
4186
1974
5274
4993
33
1268
2419
5088
2169
5319
3966
5475
717
3959
4
5346
197
1562
3731
119
4882
502
3808
4583
78
577
4652
2833
906
4718
4345
5901
3487
265
4876
5040
2693
3012
723
5325
4185
5307
5416
4670
4811
1966
4938
776
583
4071
2037
5422
5525
5396
1922
1747
4886
1600
5205
5015
3813
708
2448
2970
4914
1691
97
695
2259
5267
1673
4389
1121
4365
5106
2817
4084
1656
4611
514
2954
5595
1016
4297
1011
19
1631
4246
2140
5421
3499
5110
51
5228
3584
3842
1017
2614
52
3817
250
2012
1368
3606
5098
4245
5113
5034
1919
782
46
4073
41
1893
5258
47
2972
14
2961
1012
4383
5323
913
3378
866
5016
1582
2573
227
1976
233
459
5345
4832
4665
4048
2244
2217
4442
4735
4100
5273
4025
239
4774
4057
4016
1085
4469
5041
130
99
2243
5400
4191
5164
2811
223
55
855
4060
247
3957
4729
234
5763
3612
5414
4489
2722
5302
107
1950
2662
44
991
5082
5463
2330
5008
1696
2967
469
934
208
4514
2504
2179
4184
309
2219
4786
4730
4217
2952
4649
5150
5460
2503
1901
4717
328
4076
1599
4103
4474
4693
4629
4101
5087
2997
2998
5061
685
3965
178
104
4944
5090
245
513
4533
1570
4095
2008
1447
493
4486
4068
2260
1005
4248
1059
4433
314
2158
5359
5417
4926
5455
43
143
56
3597
3800
4049
3006
1630
3019
2120
4082
525
4921
5329
53
4532
2865
4431
3819
2333
4086
2167
1004
2162
37
4935
2228
4075
807
4038
5462
2216
4055
2178
4077
58
1960
38
4694
1969
3745
4465
4108
4146
2974
2564
4444
50
4467
4188
3815
4168
3992
2973
4333
4160
4051
4189
4492
