224
228
1385
1397
386
431
1534
1547
1446
1456
60
71
898
910
1175
1181
349
362
19
24
268
272
282
284
631
634
1108
1267
1417
1423
389
434
171
178
463
470
1246
1250
524
539
1430
1436
1526
1539
426
438
1480
1498
1349
1355
91
98
481
532
600
607
1304
1342
328
336
1479
1497
1073
1078
519
520
669
678
521
536
97
104
143
152
1167
1174
1303
1314
457
464
1003
1009
649
657
33
42
235
241
471
472
563
575
1145
1149
132
134
376
378
1214
1223
314
317
736
750
997
1002
1199
1205
13
65
76
361
374
484
497
502
535
581
585
605
612
674
683
878
881
1058
1069
1309
1347
1354
1360
1418
1424
1459
1462
1489
1496
1507
158
164
288
292
829
839
965
1026
1323
1332
1386
1398
850
903
630
633
1415
1421
788
798
1152
1200
894
906
863
869
811
819
1157
1160
576
577
1046
1047
821
831
1425
1431
688
691
396
404
1427
1433
275
279
1315
1324
242
259
1290
1298
732
746
729
743
1474
1477
1236
1151
1154
375
377
1269
1271
1437
1439
1429
1435
1206
1215
477
489
714
720
1445
1455
1162
1169
12
1495
165
172
7
1490
1457
1460
1361
1362
826
836
1096
1115
1401
1408
138
147
1155
1158
1139
1141
542
548
1399
1406
1517
1521
310
311
356
369
952
966
1165
1172
554
566
1363
1370
1055
1066
59
70
1515
1519
1207
1216
820
830
223
227
350
363
629
632
32
41
495
500
1308
1346
578
582
483
534
1150
1153
343
346
591
650
1514
1518
1306
1344
95
102
1036
1041
852
905
304
307
273
277
956
970
991
992
1060
1110
1379
1391
1488
1506
1032
1035
713
719
557
569
1142
1146
243
260
1161
1168
293
300
31
40
234
240
809
817
479
491
1381
1393
1176
1182
1530
1543
1285
1293
388
433
1333
1334
1471
1472
1048
1051
1387
1447
1083
1087
29
38
232
238
1138
1140
318
323
1239
1242
1224
1225
1305
1343
882
888
1059
1109
77
84
807
815
1164
1171
312
315
168
175
1254
1258
1336
1338
667
676
666
675
341
342
647
655
265
269
137
146
142
151
16
21
266
270
928
930
439
441
382
427
421
422
1444
1454
1120
1124
873
875
959
1020
188
248
523
538
1414
1420
1030
1033
1438
1440
702
774
517
518
1524
1537
1548
1554
352
365
43
45
773
775
1441
1451
354
367
636
641
1508
1511
668
677
179
199
1063
1113
14
1560
973
983
942
947
828
838
603
610
1473
1476
1307
1345
473
485
1245
1249
0
525
27
36
458
465
398
406
1104
1263
1367
1374
409
414
1195
1201
1442
1452
474
486
380
391
1082
1086
1015
1027
1208
1217
1237
1240
971
981
395
403
696
705
1486
1504
11
1494
1190
1194
353
366
552
564
113
118
1229
1234
1210
1219
1070
1071
735
749
1163
1170
131
133
153
159
96
103
932
937
588
596
673
682
540
546
331
339
1277
1281
883
889
393
401
1299
1310
728
742
1341
1348
493
498
1426
1432
230
236
1443
1453
1187
1191
543
549
658
662
10
1493
503
510
684
686
25
34
764
772
1130
1135
847
900
1275
1279
613
621
840
853
730
744
15
20
846
859
1516
1520
958
1019
716
722
993
998
1339
1340
186
206
979
989
877
880
1072
1077
599
606
776
780
865
871
135
144
1226
1231
872
874
1273
1274
351
364
285
289
1101
1260
1123
1127
443
450
1244
1248
751
754
47
52
715
721
724
738
876
879
383
428
385
430
963
1024
139
148
1156
1159
860
866
635
640
419
420
208
210
1008
1014
1382
1394
2829
2842
1510
1513
411
416
1550
1556
1098
1117
1482
1500
1197
1203
191
251
1368
1375
1364
1371
670
679
1350
1356
320
325
602
609
1198
1204
957
1018
1259
1268
586
594
82
89
509
516
1075
1080
123
128
1485
1503
1090
1093
723
737
1211
1220
1523
1536
66
126
423
435
1284
1292
1484
1502
777
781
1091
1094
62
73
1405
1412
494
499
381
392
94
101
808
816
1365
1372
1103
1262
1413
1419
887
893
400
408
1129
1134
639
644
936
941
697
706
1522
1535
734
748
57
68
660
664
1039
1044
1351
1357
694
703
459
466
522
537
181
201
2795
2806
1178
1184
1128
1133
1416
1422
49
54
26
35
508
515
1464
1468
196
256
944
949
561
573
1475
1478
1403
1410
1177
1183
1318
1327
912
920
1483
1501
3168
3173
1283
1291
804
812
884
890
17
22
3508
3520
1428
1434
3503
3505
1302
1313
1189
1193
757
765
2899
2909
1085
1089
185
205
824
834
440
442
778
782
954
968
1320
1329
61
72
1064
1114
1243
1247
1531
1544
105
109
661
665
1377
1378
1007
1013
935
940
209
211
1049
1052
30
39
233
239
1061
1111
1287
1295
332
340
507
514
659
663
1352
1358
445
452
645
653
379
390
579
583
397
405
167
174
1551
1557
1400
1407
1286
1294
18
23
3152
3204
298
334
215
220
555
567
1100
1119
1230
1235
212
217
733
747
1121
1125
2297
2299
648
656
5
530
222
226
895
907
394
402
845
858
299
335
1004
1010
2521
2532
1278
1282
447
454
63
74
3151
3203
245
262
448
455
3041
3120
1005
1011
1238
1241
1322
1331
1084
1088
50
55
1529
1542
806
814
558
570
1180
1186
3367
3373
899
911
962
1023
1463
1467
1458
1461
1251
1255
2
527
725
739
711
717
2309
2318
3609
3618
1213
1222
141
150
700
709
330
338
2400
2410
825
835
246
263
136
145
562
574
3384
3425
2666
2677
413
418
1196
1202
78
85
319
324
842
855
1353
1359
560
572
1532
1545
793
803
2739
2742
2494
2507
276
280
784
794
3588
3600
587
595
2605
2609
193
253
592
651
297
333
805
813
646
654
1062
1112
1107
1266
601
608
2611
2615
1549
1555
2724
2731
446
453
1402
1409
964
1025
3280
3288
496
501
727
741
117
122
1074
1079
3136
3140
731
745
2495
2508
3038
3117
1227
1232
1188
1192
978
988
183
203
1006
1012
3298
3304
387
432
3481
3489
712
718
929
931
593
652
827
837
1528
1541
559
571
1380
1392
154
160
916
924
848
901
849
902
3279
3287
763
771
637
642
934
939
2221
2224
281
283
359
372
2522
2533
2519
2530
1102
1261
1056
1067
3093
3105
1143
1147
4
529
83
90
1388
1448
3382
3423
3389
3430
425
437
2726
2733
170
177
3483
3491
2821
2834
761
769
3295
3301
345
348
64
75
2828
2841
1031
1034
953
967
2266
2269
192
252
1037
1042
2228
2232
296
303
194
254
216
221
3478
3486
1335
1337
156
162
424
436
1301
1312
2222
2225
2229
2233
3048
3063
541
547
1369
1376
851
904
544
550
480
492
3130
3132
843
856
1289
1297
2904
2914
189
249
1166
1173
2642
2656
2620
2626
3582
3584
2875
2885
1552
1558
545
551
2554
2560
2664
2675
2236
2248
3148
3200
1321
1330
614
622
1038
1043
2703
2705
1383
1395
1
526
461
468
2239
2251
1366
1373
2258
2263
1389
1449
556
568
67
127
294
301
344
347
1092
1095
3191
3340
2559
2565
752
755
2725
2732
2436
2446
2758
2762
3142
3153
1270
1272
2668
2679
2979
2988
789
799
2728
2735
1054
1065
3309
3312
917
925
504
511
3484
3492
2759
2763
157
163
2302
2311
1106
1265
475
487
604
611
779
783
3556
3564
2474
2478
553
565
589
597
943
948
244
261
355
368
1553
1559
995
1000
590
598
2191
2648
2590
2593
3194
3343
913
921
166
173
1252
1256
2901
2911
2546
2579
1384
1396
759
767
476
488
3094
3106
2339
2402
329
337
9
1492
295
302
3462
3473
787
797
80
87
3266
3275
44
46
3035
3043
3258
3260
961
1022
3507
3519
247
264
2606
2610
618
626
1209
1218
195
255
2415
2422
3465
3476
975
985
313
316
823
833
3193
3342
3386
3427
2492
2505
140
149
2998
3009
896
908
197
257
3296
3302
1525
1538
505
512
1040
1045
844
857
58
69
996
1001
2198
2202
3369
3375
2528
2539
3159
3163
2573
2584
3
528
689
692
2235
2247
2267
2270
672
681
2326
2328
1076
1081
384
429
3034
3042
3496
3501
886
892
1253
1257
2429
2439
897
909
671
680
758
766
3497
3502
1144
1148
3457
3468
322
327
3566
3574
3613
3622
3509
3521
3189
3338
3095
3107
2448
2454
2894
2897
1509
1512
1288
1296
478
490
3097
3109
2243
2255
92
99
2598
2602
2480
2486
8
1491
3267
3276
2603
2607
3401
3409
2671
2682
2325
2327
3552
3560
3554
3562
1097
1116
3442
3453
2274
2277
2852
2862
3451
3517
2920
2930
2493
2506
3284
3292
2524
2535
3568
3576
960
1021
1131
1136
1465
1469
1390
1450
2558
2564
915
923
81
88
3354
3362
3593
3605
2399
2409
410
415
1122
1126
3134
3138
3590
3602
184
204
977
987
810
818
3504
3506
3321
3331
2459
2467
2527
2538
3571
3579
274
278
198
258
690
693
2465
2503
3399
3407
3459
3470
3190
3339
699
708
2381
2390
753
756
914
922
1527
1540
1179
1185
3368
3374
3494
3499
2549
2582
2906
2916
3370
3376
2520
2531
2813
2818
2547
2580
2877
2887
3435
3439
3385
3426
106
110
3349
3357
2921
2931
3036
3115
726
740
2306
2315
2336
2353
2902
2912
2556
2562
3089
3101
2925
2981
1487
1505
2589
2592
2237
2249
1533
1546
3585
3597
3149
3201
792
802
2978
2987
785
795
841
854
2659
2661
3249
3252
2242
2254
2662
2673
580
584
3282
3290
1404
1411
2430
2440
2206
2214
3449
3515
2577
2588
3075
3082
2621
2627
3387
3428
2414
2421
2729
2736
1228
1233
3572
3580
125
130
619
627
3530
3536
1212
1221
2743
2747
862
868
861
867
51
56
3402
3410
2308
2317
3240
3246
3371
3377
2194
3557
3166
3171
2496
2509
3460
3471
1050
1053
3143
3154
3443
3454
3390
3431
3458
3469
980
990
2893
2896
3300
3306
3239
3245
2433
2443
2512
2516
2980
2989
615
623
2227
2231
3161
3165
2694
2701
974
984
955
969
358
371
225
229
3589
3601
2964
2971
2268
2271
3351
3359
2903
2913
213
218
180
200
3436
3440
3125
3128
3565
3573
3322
3332
3414
3418
695
704
2779
2786
2810
2815
2257
2262
3096
3108
698
707
115
120
2748
2752
3170
3175
3456
3467
2990
3001
2544
2553
108
112
3255
3256
2938
2944
2526
2537
357
370
187
207
3567
3575
2823
2836
2431
2441
864
870
620
628
2814
2819
3400
3408
3230
3236
3076
3083
1099
1118
3264
3273
2751
2755
3238
3244
2525
2536
3545
3550
2780
2787
1132
1137
1466
1470
28
37
3463
3474
93
100
2246
2289
2641
2655
3348
3356
2881
2891
1057
1068
1319
1328
2413
2420
3420
3422
214
219
2619
2625
2576
2587
2939
2945
3553
3561
2320
2323
638
643
3040
3119
2432
2442
2195
3558
2207
2215
2696
2744
2900
2910
2793
2804
3269
3278
3493
3498
2940
2946
2672
2683
2383
2392
3091
3103
2342
2405
3242
3248
3146
3157
790
800
3187
3336
3411
3415
3482
3490
3262
3271
2756
2760
3214
3220
321
326
2199
2203
2596
2600
791
801
933
938
79
86
3383
3424
399
407
2775
2782
2245
2288
2994
3005
3555
3563
3012
3016
3198
3347
2330
2347
2685
2689
506
513
306
309
2870
2871
287
291
2629
2631
2542
2551
3098
3110
822
832
972
982
3226
3232
2825
2838
3126
3129
3286
3294
2361
2364
2332
2349
2614
2618
3569
3577
2790
2801
2898
2908
994
999
2572
2583
3047
3062
2922
2932
3015
3019
2208
2216
3381
3394
2812
2817
3160
3164
2513
2517
48
53
3186
3335
3046
3061
2777
2784
3524
3528
3237
3243
3544
3549
1481
1499
2937
2943
2757
2761
2283
2293
3616
3625
2238
2250
2301
2310
3188
3337
3023
3029
3184
3333
2340
2403
3388
3429
3013
3017
2523
2534
2280
2290
2344
2407
2832
2845
2776
2783
3479
3487
3307
3310
2337
2354
2298
2300
2331
2348
2384
2393
2484
2490
3316
3326
762
770
3227
3233
3542
3547
2831
2844
3522
3526
3546
3551
3147
3199
2566
2569
2196
3559
3285
3293
3419
3421
2704
2706
3037
3116
2976
2985
3135
3139
3461
3472
2853
2863
2472
2476
2859
2869
3531
3537
3455
3466
2343
2406
2670
2681
3209
3215
3229
3235
2557
2563
2698
2746
3044
3059
2975
2984
2435
2445
2669
2680
3176
3179
114
119
2923
2933
885
891
3413
3417
3112
3121
3090
3102
2749
2753
107
111
2260
2265
2613
2617
412
417
169
176
3477
3485
231
237
1016
1028
2341
2404
3225
3231
2847
2849
3137
3141
3281
3289
116
121
190
250
3039
3118
124
129
2485
2491
2356
2358
3221
3223
2017
2022
286
290
2963
2970
1105
1264
2709
2717
462
469
1978
1981
2926
2982
3192
3341
3058
3073
3178
3181
2190
2647
2604
2608
3379
3392
1617
1621
2811
2816
3350
3358
3317
3327
3207
3208
2687
2691
1300
1311
3183
3206
2434
2444
3213
3219
2635
2638
3092
3104
3195
3344
2952
2957
155
161
1276
1280
3318
3328
2416
2423
2335
2352
1618
1622
3131
3133
2418
2425
2851
2861
3185
3334
1752
1754
3543
3548
2419
2426
2305
2314
2481
2487
2966
2973
3320
3330
3412
3416
3222
3224
360
373
3495
3500
2824
2837
3297
3303
182
202
2858
2868
2951
2956
2791
2802
2737
2740
2878
2888
2693
2700
3355
3363
616
624
2028
2031
617
625
1316
1325
1626
1641
2992
3003
2078
2101
449
456
3150
3202
2954
2959
3378
3391
2135
2137
2389
2398
2514
2518
2597
2601
2907
2917
2511
2515
2927
2983
305
308
1745
1750
2827
2840
1852
1854
1836
1840
3251
3254
444
451
3581
3583
2643
2657
2967
2974
3257
3259
3263
3272
2788
2799
1585
1588
2197
2201
2993
3004
2766
2771
3396
3404
2623
2652
2321
2324
2711
2719
3261
3270
2482
2488
2953
2958
2543
2552
2080
2103
2935
2941
2854
2864
2259
2264
2451
2457
2417
2424
2686
2690
2307
2316
3525
3529
3299
3305
2778
2785
1930
1937
3464
3475
2879
2889
2223
2226
3452
3518
2697
2745
2126
2132
1772
1774
3099
3111
3447
3513
2658
2660
1735
1746
3077
3084
2798
2809
2093
2097
3523
3527
2284
2294
2241
2253
1993
1997
3124
3127
1977
1980
3591
3603
1317
1326
2640
2654
2628
2630
1017
1029
976
986
1693
1696
2139
2140
786
796
2200
2204
2428
2438
3592
3604
2632
2633
2009
2011
2282
2292
3432
3433
2464
2502
2079
2102
2568
2571
3587
3599
2667
2678
1625
1640
1717
1723
2947
2949
2210
2218
2386
2395
2727
2734
3594
3606
3570
3578
1878
1881
3078
3085
3437
3441
2189
2646
2193
2650
2574
2585
2548
2581
3535
3541
1727
1732
2624
2653
3617
3626
2304
2313
2497
2510
2714
2722
1661
1662
2712
2720
1991
1995
685
687
1716
1722
3196
3345
1563
1566
3228
3234
3241
3247
2873
2883
3480
3488
1972
2060
2750
2754
2006
2008
1945
1953
2120
2142
2177
2182
3145
3156
2355
2357
2663
2674
2612
2616
2634
2637
1577
1581
3319
3329
2281
2291
3080
3087
1561
1564
2209
2217
2385
2394
3088
3100
2710
2718
3169
3174
3212
3218
1763
1767
1834
1838
1595
1597
2369
2377
3268
3277
2997
3008
2286
2296
2595
2599
3596
3608
3045
3060
2965
2972
2591
2594
2723
2730
1607
1611
3265
3274
2148
2155
2794
2805
2188
2645
1589
1590
3364
3365
3586
3598
2962
2969
918
926
945
950
2469
2471
3308
3311
2113
2117
760
768
3020
3021
3533
3539
3395
3403
3144
3155
1616
1620
2211
2219
2924
2934
6
531
1891
1892
2483
2489
2792
2803
267
271
2850
2860
2919
2929
2905
2915
3353
3361
1960
1964
1638
1644
2555
2561
3113
3122
2365
2373
2192
2649
3053
3068
2830
2843
1610
1614
2955
2960
1957
1958
1869
1874
1961
1965
701
710
919
927
946
951
482
533
460
467
3049
3064
1947
1973
1681
1684
3366
3372
2334
2351
2001
2004
3056
3071
2338
2401
1934
1941
1736
1737
2411
2412
1713
1719
2475
2479
2466
2504
1648
1653
2545
2578
1843
1847
2171
2176
2738
2741
3250
3253
2205
2213
2892
2895
2692
2699
1793
1796
1743
1748
2447
2453
3352
3360
2360
2363
2345
2408
1911
1915
1821
1823
2995
3006
2146
2153
1649
1654
1833
1837
2857
2867
2014
2019
3445
3511
1857
1861
1624
1639
1826
1830
3211
3217
1583
1586
3448
3514
2820
2833
3446
3512
1984
1988
1679
1682
3025
3031
3182
3205
1771
1773
3314
3324
2071
2076
2366
2374
3595
3607
1969
2057
2382
2391
2948
2950
3210
3216
2452
2458
3167
3172
2529
2540
1667
1690
2575
2586
1912
1916
2622
2651
1623
1629
1694
1697
2170
2175
2244
2287
3532
3538
3114
3123
1579
1602
2159
2160
1751
1753
3614
3623
2368
2376
3055
3070
1711
1712
1573
1575
2936
2942
2167
2172
2855
2865
3398
3406
2463
2501
2872
2882
1663
1668
3177
3180
2273
2276
2826
2839
1615
1619
2460
2498
1728
1733
1970
2058
2991
3002
1948
1974
2450
2456
3197
3346
3534
3540
2370
2378
1628
1643
3434
3438
2127
2133
3079
3086
2372
2380
1574
1576
2822
2835
2684
2688
3158
3162
3313
3323
2161
2163
1879
1882
2359
2362
2961
2968
3315
3325
2449
2455
1786
1790
1672
1677
2272
2275
2468
2470
3074
3081
1865
1866
2329
2346
1630
1631
1802
1811
2567
2570
1842
1846
1994
1998
2149
2156
2876
2886
1647
1652
2765
2770
2029
2032
1580
1603
3051
3066
2636
2639
1759
1776
2015
2020
3612
3621
2046
2053
1657
1660
2082
2105
1949
1975
1645
1650
2371
2379
2999
3010
3026
3032
1835
1839
2042
2049
2789
2800
1578
1582
2774
2781
1950
1976
1744
1749
3450
3516
2767
2772
1927
1928
2150
2157
2023
2025
2108
2110
2187
2644
1967
2055
2169
2174
2087
2091
2977
2986
2061
2064
3000
3011
3027
3033
1979
1982
1921
1925
2086
2090
2077
2084
2473
2477
2764
2769
2112
2116
1999
2002
2846
2848
2541
2550
2043
2050
2996
3007
2033
2035
1855
1856
1906
1910
2095
2099
3615
3624
2303
2312
3014
3018
2094
2098
1670
1675
2462
2500
3444
3510
2333
2350
1707
1710
1671
1676
1968
2056
1646
1651
1757
1761
3611
3620
2063
2066
1913
1917
2427
2437
2165
2166
1896
1901
2121
2143
1760
1777
3397
3405
2713
2721
2111
2115
1944
1952
1632
1633
1785
1789
2016
2021
2081
2104
3052
3067
1596
1598
2125
2131
2797
2808
1791
1794
3610
3619
1600
1605
3380
3393
2010
2012
1705
1708
1695
1698
2707
2715
1851
1853
2880
2890
2180
2185
1627
1642
1655
1658
1666
1689
1883
1884
1885
1888
2240
2252
2278
2279
2230
2234
2388
2397
1608
1612
1742
1747
1584
1587
2768
2773
2796
2807
2179
2184
1905
1909
3022
3028
2367
2375
2708
2716
1962
1966
1920
1924
3283
3291
2212
2220
2387
2396
1935
1942
1562
1565
1664
1687
2874
2884
1815
1816
1591
1593
2067
2072
2695
2702
2114
2118
2181
2186
2461
2499
2119
2141
2319
2322
2070
2075
1685
1686
1844
1848
1568
1570
1635
1637
1714
1720
1609
1613
1841
1845
2285
2295
1601
1606
1818
1820
1700
1703
1701
1704
1933
1940
3050
3065
1877
1880
2123
2129
2145
2152
2034
2036
1825
1829
2665
2676
1817
1819
1959
1963
1758
1762
2024
2026
1691
1692
1656
1659
3057
3072
1755
1756
1859
1863
2136
2138
3024
3030
1699
1702
1922
1926
1919
1923
2168
2173
1932
1939
2128
2134
1665
1688
1946
1954
2162
2164
2107
2109
1871
1876
1931
1938
1897
1902
1738
1740
1567
1569
1634
1636
1929
1936
1775
1778
1955
1956
2178
2183
1780
1782
2000
2003
2124
2130
2013
2018
2918
2928
2027
2030
1914
1918
1822
1824
1858
1862
2044
2051
1669
1674
1792
1795
2256
2261
1764
1768
1870
1875
1725
1730
2041
2048
2068
2073
1599
1604
1986
1990
2856
2866
1799
1808
1784
1788
1571
1572
2005
2007
1803
1812
1904
1908
1801
1810
2045
2052
1868
1873
2047
2054
1971
2059
1828
1832
1706
1709
1983
1987
1779
1781
1893
1898
2062
2065
2038
2040
1715
1721
1673
1678
2088
2092
1783
1787
1766
1770
3054
3069
2147
2154
1718
1724
1739
1741
2122
2144
1765
1769
1592
1594
1985
1989
2151
2158
1895
1900
1903
1907
1886
1889
1729
1734
2069
2074
2083
2106
1805
1814
1992
1996
1680
1683
1894
1899
1887
1890
1827
1831
1798
1807
1804
1813
1943
1951
1860
1864
1849
1850
1867
1872
1797
1806
2037
2039
1800
1809
2085
2089
1726
1731
2096
2100
